1.863349318774235359e-05
1.622606256608470193e-05
6.515122779828290476e-07
2.355270425070616183e-06
1.173148865239897657e-04
3.092122041452596365e-05
3.980985816660901483e-03
5.323908476303904763e-03
2.919443020633226329e-04
2.346669043742322380e-01
8.866363826972238182e-05
5.484243800350709075e-03
1.880799310537513728e-03
1.148828023915552009e-06
7.849036191729932485e-03
5.176176759110370264e-03
6.257193249459316355e-03
4.628459456692795692e-04
9.873080343062522468e-01
3.169409528306406654e-01
2.087182149113739240e-04
4.850292838613863844e-01
4.327195676056765916e-01
1.577105562984999540e-05
1.926783429783498341e-02
2.416158562042001396e-05
2.094950256964722875e-03
8.158508440444410814e-01
3.778194692555391526e-04
3.645253665622632334e-06
1.480832982539797248e-02
8.662385176065016124e-01
1.599657249346133790e-03
5.918419243395763611e-09
5.267648880573710078e-04
1.122290437678943528e-02
5.703855472366637855e-03
9.925480423782724326e-01
1.053966393068859489e-06
1.056778190636413107e-05
7.585800952535016106e-04
6.081402625144542374e-07
3.061666592729713872e-08
5.567372877722383772e-05
5.496310929862371214e-02
1.454932379438584212e-03
2.668241615348401698e-04
1.677958328275628010e-06
1.526289907659048408e-06
4.520574466982286711e-05
2.026098352025220220e-04
8.671391909758818572e-06
5.039965702021467878e-05
1.164659780280349872e-05
1.579823278839150935e-03
1.704565525465755826e-06
4.697631906969706875e-04
2.714152510204931746e-03
6.763306039984717105e-03
8.557232981827601545e-03
2.167668997077436006e-04
9.807988841046464434e-07
9.991535629971183274e-01
9.999616576370978782e-01
9.997316999708543150e-01
9.998288210337673565e-01
9.941065725638575934e-01
9.994601025371598890e-01
9.955190006067852204e-01
9.998483924038680248e-01
4.391247362066806881e-01
9.578696042039808178e-01
9.571471977235699313e-01
9.966425320787205555e-01
7.110925375339409715e-01
8.815453450984386263e-01
9.992914599645218443e-01
9.532415349771258262e-01
9.245222658090841428e-01
9.982496352966433451e-01
9.450052117184942757e-01
9.929928685208666561e-01
9.992540478934720527e-01
9.987046217915145352e-01
9.998645581347126443e-01
9.681985420032900302e-01
9.356659797601953876e-01
8.892926157795038034e-01
9.999094837452607853e-01
9.962907602765752602e-01
9.977500966829655482e-01
9.924307897445922011e-01
9.796423945926726606e-01
9.984306763799355444e-01
9.917196232184781746e-01
9.913638232112987891e-01
9.784934465261009295e-01
9.971345938919973229e-01
9.954123939069741134e-01
7.346473135835042134e-01
9.993147724230303508e-01
9.425901467825091862e-01
8.119011901938339992e-01
9.998760570835893979e-01
9.750955801099540077e-01
9.966974689097625184e-01
8.651760646652985054e-01
9.979912300212855358e-01
9.884902961396830889e-01
9.946581626009183275e-01
8.142454313350979689e-01
9.890937121509945085e-01
9.979144768932264320e-01
8.873209283180596429e-01
9.784892227590414882e-01
9.866293617109870295e-01
9.973367662943045664e-01
9.992371603450617146e-01
9.992522822262758231e-01
8.985525969506216182e-01
5.775069319748040719e-01
8.988810015666376385e-01
9.717787614446051769e-01
9.964266993695349850e-01
