4.673058688588757614e-02
2.824505933054380358e-02
1.406326570590724946e-02
2.922383863512207497e-02
1.027696171253724561e-01
5.624042079543169897e-02
3.608418523380660936e-01
1.987233402374216917e-01
1.578482979505123340e-01
5.629791147044448385e-01
9.118908646798985773e-02
1.560031482088182209e-01
2.309506337830068146e-01
3.267739275760389583e-02
1.303812441164732272e-01
1.398878576554145881e-01
1.388180126045475138e-01
1.008939974853946264e-01
1.724185282640389838e+00
5.881779528819716107e-01
1.381103904025474949e-01
7.903282437562322293e-01
1.122003092622093634e+00
2.694657226917944459e-02
1.813916513847098622e-01
6.486790883476577230e-02
1.377382722215683419e-01
1.212584293206289132e+00
9.181484702291177469e-02
2.297051580067086332e-02
3.737701504100463534e-01
5.910457641500107551e-01
1.615131314237211457e-01
7.151128083460038011e-03
9.790181798153853310e-02
3.547557162484885618e-01
2.509940064937207782e-01
2.200952108294173648e+00
1.605018166499642268e-02
3.194481823623304684e-02
1.316668264247662090e-01
2.620358077108506448e-02
9.414414232229193630e-03
4.976226351203523468e-02
5.754620070825644529e-01
1.660478420232895103e-01
5.327371315396534773e-02
3.588004781322425008e-02
2.176970263633639865e-02
6.184317808878422168e-02
7.981354461690305657e-02
3.247238158370598093e-02
5.750592058240053955e-02
4.179031508712546111e-02
1.712839407490630017e-01
3.871062091260048937e-02
9.720688321426866618e-02
2.688343058827348253e-01
1.940980277814952915e-01
2.686355696019954720e-01
1.122842010771983035e-01
1.472324256399472342e-02
2.365596452434189700e+00
3.279195514224294339e+00
2.282757723210666168e+00
2.475727362794026831e+00
1.993130551690641461e+00
2.287846811133115832e+00
1.683249301968013700e+00
3.217148620642916512e+00
7.052391908410624577e-01
1.117936197882012372e+00
1.237484897238183335e+00
1.984262454165168554e+00
9.707396500543545859e-01
1.264081358250750853e+00
2.789515593009708638e+00
1.185281307100419790e+00
1.233641957362128228e+00
1.975940734659242359e+00
1.172049803156413939e+00
1.685988835791589979e+00
2.260721150165571292e+00
2.629304213938194579e+00
2.758201203228629605e+00
1.302964028399965501e+00
1.694766937090187886e+00
1.224032959050956437e+00
3.027852329802983800e+00
1.687532808920815919e+00
2.116779685849913051e+00
1.758588285886620195e+00
1.699151021981109677e+00
2.103371762252020272e+00
1.468696194521183607e+00
1.753300189355802230e+00
1.223693886870732106e+00
1.775323195628656814e+00
1.855631848202319967e+00
8.770779224670866014e-01
2.686322116244996394e+00
1.120393136637491738e+00
9.133768912462312262e-01
2.852696147438871677e+00
1.367995763826868938e+00
1.818322886507247826e+00
1.057136968829523793e+00
1.936907832675069718e+00
1.589648218058443252e+00
1.623304182057468514e+00
1.116055538603136998e+00
1.599710845915480073e+00
1.924098192115811568e+00
1.156136094496736044e+00
1.645307011356441196e+00
1.416162437445815936e+00
1.881589571915409209e+00
2.240013047802048352e+00
2.507246501914547121e+00
1.126643864775249471e+00
7.389279758955042965e-01
1.202698843881861102e+00
1.282587335883651480e+00
1.798567511044991685e+00
