4.751389338413409234e-03
2.871850809272177060e-03
1.429899669385534299e-03
2.971369387196079199e-03
1.044922599227587900e-02
5.718313283927474455e-03
3.668903483363279011e-02
2.020543765914340623e-02
1.604941794975110053e-02
5.724158718331733009e-02
9.271761432863847088e-03
1.586181010241398057e-02
2.348218698250051015e-02
3.322513708949703659e-03
1.325667179692901869e-02
1.422326830733971169e-02
1.411449050874588954e-02
1.025852008091911877e-02
1.753086386308768674e-01
5.980370974662849864e-02
1.404254215948980838e-02
8.035758678572034464e-02
1.140810310165706193e-01
2.739825555780281158e-03
1.844321708544154406e-02
6.595523638410753786e-03
1.400470659020727933e-02
1.232909849118085099e-01
9.335386399447640968e-03
2.335555171598425583e-03
3.800353528647406470e-02
6.009529795023520193e-02
1.642204435682333152e-02
7.270996577969766504e-04
9.954286585458046316e-03
3.607021953394981550e-02
2.552012131523393595e-02
2.237844863203631851e-01
1.631921769544322949e-03
3.248028302230235656e-03
1.338738494393468779e-02
2.664280990264807861e-03
9.572220336040756627e-04
5.059638751890072755e-03
5.851080046974132393e-02
1.688311658020870062e-02
5.416669671099026868e-03
3.648147562490837350e-03
2.213461030551626667e-03
6.287980455759903213e-03
8.115139360003638391e-03
3.301668948144691022e-03
5.846984516117457314e-03
4.249081186135708448e-03
1.741550329560074412e-02
3.935949529943500759e-03
9.883628246581158475e-03
2.733405548469037757e-02
1.973515338166183589e-02
2.731384873128993654e-02
1.141663290412438247e-02
1.497003620268364020e-03
2.405249005438615806e-01
3.334161978942254412e-01
2.321021718543738455e-01
2.517225949916392369e-01
2.026539764307751235e-01
2.326196110672821560e-01
1.711464229369206724e-01
3.271075044176352531e-01
7.170605369404145502e-02
1.136675245404876605e-01
1.258227841551200765e-01
2.017523018137317992e-01
9.870113625806690993e-02
1.285270117224568132e-01
2.836273954857382318e-01
1.205149205450788408e-01
1.254320485626089221e-01
2.009061808473018851e-01
1.191695912659015283e-01
1.714249683751226105e-01
2.298615764499696290e-01
2.673377083848302860e-01
2.804434667645333001e-01
1.324804545680851042e-01
1.723174925161850557e-01
1.244550419557793747e-01
3.078605734879130695e-01
1.715819537235607761e-01
2.152261527482490222e-01
1.788066058880119491e-01
1.727632496871850942e-01
2.138628857858876353e-01
1.493314744164646324e-01
1.782689322324598757e-01
1.244205663788728738e-01
1.805081482187725350e-01
1.886736282833099965e-01
8.917796602777987303e-02
2.731350730483810829e-01
1.139173367809464821e-01
9.286870788971686441e-02
2.900513553098000852e-01
1.390926354747885063e-01
1.848801941614977018e-01
1.074856888744992744e-01
1.969374629968752843e-01
1.616294187264261384e-01
1.650514298582248518e-01
1.134763062177078369e-01
1.626525486698419676e-01
1.956350271911621863e-01
1.175515455553939603e-01
1.672885943261429864e-01
1.439900406809066780e-01
1.913129114577547807e-01
2.277560549201612938e-01
2.549273418513118838e-01
1.145528871775975538e-01
7.513140194662494553e-02
1.222858698114950987e-01
1.304086295381413629e-01
1.828715422997753137e-01
