9.699476955727952543e+00
7.159807207740279011e+00
1.175753660935164646e+01
7.316028587178807996e+00
1.761128859534260016e+01
6.242705873024251950e+00
7.647303745297077349e+00
8.114473159409946845e+00
8.752354816330292664e+00
6.352157801947367233e+00
5.438687280363842191e+00
6.745700907648051192e+00
8.243251271050507256e+00
9.515193216100620077e+00
9.069428875860468864e+00
9.596752935200271395e+00
8.699599942926077745e+00
1.246853988387180223e+01
9.110642336696853860e+00
9.516405822845225515e+00
7.470024740161682608e+00
1.112809986323662059e+01
8.382741142965210557e+00
6.988566143731144820e+00
6.066681721677655403e+00
5.828890525272387713e+00
1.479465430010537652e+01
6.121791558327926097e+00
1.411193983433131471e+01
5.407495719090930741e+00
9.768354196468431283e+00
7.961414232065845198e+00
7.637660368521423493e+00
1.116028933502821729e+01
1.040672254017179199e+01
1.257720438744407687e+01
8.412717997172372009e+00
6.820631076873062248e+00
1.024051736385946398e+01
5.734485925752490942e+00
4.688516816332177761e+00
1.254264500390731563e+01
6.621937736054051449e+00
8.745208102262644445e+00
1.509063176119681415e+01
1.030687784738855228e+01
1.007599366321326073e+01
7.438524165471365635e+00
8.165592178348846986e+00
1.191389878712664618e+01
7.634487101949282817e+00
9.093541066700089104e+00
9.998061271221855506e+00
6.385331495848430627e+00
1.352198564200224062e+01
7.665679226760555132e+00
6.856935185512162079e+00
1.022093236235441260e+01
9.576220866646416141e+00
9.911896786172949447e+00
7.277028759720102435e+00
7.945324902538927425e+00
1.395853284347092860e+01
6.580712708056697835e+00
1.623833680251799905e+01
6.478408155574195249e+00
8.434915203271559747e+00
5.679978465466110293e+00
1.308658602237498592e+01
8.394026640088341651e+00
5.728673176737987482e+00
1.417444767065942024e+01
7.921371305005156849e+00
1.042798004510787280e+01
1.309056590094743733e+01
1.371271627113077685e+01
5.910272765399916750e+00
1.220312094649481693e+01
7.027851258317046046e+00
7.016613851103977062e+00
1.089327374101535639e+01
1.105873206920166218e+01
1.493140584766714163e+01
4.909788815926657612e+00
4.902712159905595612e+00
7.908983060536352916e+00
1.986537342503584824e+01
4.036154909525280665e+00
1.574568517116887811e+01
9.183574790242987618e+00
6.069710325857784028e+00
7.016084483427017737e+00
7.701477906526651651e+00
5.918564875693284932e+00
1.500246236196180050e+01
7.356726561511252704e+00
9.161117936348876611e+00
9.062999044597434661e+00
8.827530030881824530e+00
1.539549370539685391e+01
9.939253808727904982e+00
1.771516653470543901e+01
1.105532822022107631e+01
1.215416259794611165e+01
9.245375915144190770e+00
4.308004072423963215e+00
8.839670479503672240e+00
6.845267415757445129e+00
8.594205690049527391e+00
1.027069406843113697e+01
7.998374864371285753e+00
1.007659609185481386e+01
6.302184544041002034e+00
9.912130344649712654e+00
1.330140600642141813e+01
1.760899828517576893e+01
1.372486567058569840e+01
1.204825808668539366e+01
7.760506023844445878e+00
9.857711653497341686e+00
9.152699394267237665e+00
1.106089268315762908e+01
6.017622740732346820e+00
8.904206756934303968e+00
6.142779481429857746e+00
1.290457342693840914e+01
1.239957986838359005e+01
1.366004982341521590e+01
9.134068953237465038e+00
7.484255171420028496e+00
5.133459490823598870e+00
6.232974363294848885e+00
6.011154937553316202e+00
1.483519885173409314e+01
9.505772446023025068e+00
1.275529722441824454e+01
1.680447491119673487e+01
7.101457333166410812e+00
1.025637679896155596e+01
1.213380518957981202e+01
1.348115432944078584e+01
1.039476369990360460e+01
1.453121759621705600e+01
1.052537933959075289e+01
1.769679899115825350e+01
9.420610660882481113e+00
1.531104735299778241e+01
1.213312220719890711e+01
5.415466812668666918e+00
8.871728185808095191e+00
8.415914814267978272e+00
9.025233594209922217e+00
1.507034474295622140e+01
1.249726185672743561e+01
1.201340703623129258e+01
6.843074750715242516e+00
7.605381541881634178e+00
7.979109915575637757e+00
4.941515767099084577e+00
5.306946507327030105e+00
4.711298736408807031e+00
9.163351409437172634e+00
9.051294252541451257e+00
8.140965639250177688e+00
7.420450470943533716e+00
1.147950137712907903e+01
1.475480517679340231e+01
7.801902683331969790e+00
1.118329620062319130e+01
1.078792516612052488e+01
1.537502422136370406e+01
1.001691977051650717e+01
5.330381264777121153e+00
1.149828624394959320e+01
1.585501331120359048e+01
5.947615803155812841e+00
1.659915897078032643e+01
1.283629070404693628e+01
6.145498256647843327e+00
9.223088667682036501e+00
1.491928529926121172e+01
1.398111490584275174e+01
1.026578307431588399e+01
6.654361710140467068e+00
9.984097369503352581e+00
8.797789258687089387e+00
9.074128575031540578e+00
8.456830752022721498e+00
7.898400962566716643e+00
5.373733736482146028e+00
1.030014680848836406e+01
1.367578569121148035e+01
6.884607583955498100e+00
5.890563126341822553e+00
6.601502038477910617e+00
6.955720277269371365e+00
1.234419116626242463e+01
1.143427486411063398e+01
1.137494218499328014e+01
1.283630408114423638e+01
5.646645718665745051e+00
4.333871862273338316e+00
5.716941120415050648e+00
8.873849887429331673e+00
9.027682003750015838e+00
6.828779554703633181e+00
9.974280702931665132e+00
7.051211142356620165e+00
7.624947713369905067e+00
6.807152989474005267e+00
1.034726932842372982e+01
5.828208491037126571e+00
6.849662582006657452e+00
7.775782375087386455e+00
4.990253623173552810e+00
8.994834463950393655e+00
4.973689292536695561e+00
8.448481412446305683e+00
5.231094836151807925e+00
6.649083157962058621e+00
9.243897990282198052e+00
1.418238354696372383e+01
1.225066043229051971e+01
8.443556680899318323e+00
7.541585847457261238e+00
1.109101296735610021e+01
1.149048139852702022e+01
8.286932013772338124e+00
6.308293345087529147e+00
1.095879398357493706e+01
8.714455678026707730e+00
6.479867654349121153e+00
1.121342824638709423e+01
1.188261047955584537e+01
5.689201870585083753e+00
8.548397273699547938e+00
6.027158695955260548e+00
1.101502216881079654e+01
1.009479243436201479e+01
1.890693919873225681e+01
9.386964019672349835e+00
6.424387437454019967e+00
9.817580554803463144e+00
8.854509405778740572e+00
1.087479793410249762e+01
1.111015221965918265e+01
9.036975846884338637e+00
6.753395413663983327e+00
1.191455825015924042e+01
9.627266871812240723e+00
