1.881483922047893220e-01
1.247136752913405033e-01
1.234602443164059399e-01
1.255434213180881275e-01
9.444485708227536858e-01
9.153636588917362094e-01
3.123150991943151600e-01
9.847594868232899951e-03
2.306861503426809179e-01
1.923664223622437719e-01
1.728371786379839237e-01
1.230532427869349549e-01
8.252916537477319459e-01
9.415867857140362840e-02
8.503932518063211932e-01
4.125997877719173729e-02
2.945439008380925650e-01
1.540869651616591507e-01
2.739456096442527966e-01
6.463027804107737695e-02
1.479387990093342375e-01
2.242115705473012310e-01
1.244541625741439200e-01
4.611196245898455809e-02
2.243652913733145404e-01
2.253619248782010587e-01
3.810041002407512645e-01
1.004235165667700796e-01
1.008588994927189231e-01
1.176837242810643835e-01
4.144966629846573158e-01
5.839573917078118015e-01
7.208708762002730142e-02
1.879364910873513317e-01
7.599791151431338487e-02
2.931839446734699761e-01
3.667095806055568619e-01
2.839403726297997643e-01
1.063983361441479814e-01
1.898362806305019593e-02
2.316518656447442981e-01
7.012593527102278790e-02
2.059541801591380228e-01
3.184813902316885881e-01
9.144754713910338562e-02
2.267442107262843121e-01
2.592319204411115963e-01
3.830773653299579529e-02
1.440006831130858644e-01
1.597925783097653707e-01
9.305714256684075592e-01
7.351381874292901575e-01
7.822160618992420877e-01
8.579907217225114513e-01
5.873900689153056520e-01
8.438765442832042440e-01
9.084371989821742321e-01
6.675757419045640351e-01
6.507209572869626646e-01
9.555849951046992974e-01
8.948939445136288029e-01
4.247856124888507723e-01
9.766671672449833697e-01
6.751760919061273736e-01
5.115645836626222520e-01
9.788280970395468739e-01
9.514330230712586545e-01
8.113162762178919296e-01
9.008148755766489657e-01
4.241106497901464545e-01
6.254766299990892620e-01
4.800206900546111211e-01
3.534734181261677266e-01
9.842764748771601901e-01
2.607212830483449095e-01
8.453643903263657888e-01
8.231591207925359477e-01
7.242504849142150647e-01
8.616044288566548914e-02
7.623782049370723124e-01
7.528209423638410058e-01
8.889756397020864842e-01
8.918153516420800342e-01
9.615932275569927246e-01
7.655527992699967532e-01
9.537745157421401165e-01
9.953884456820450977e-01
4.118273773385530689e-01
9.803325322120206575e-01
8.962722242848460974e-01
7.346571313659017166e-01
4.923687198387801667e-01
5.654718918429382235e-01
8.595348194036964706e-01
2.222232363456745630e-01
9.466747818956445792e-01
8.896870461821706488e-01
6.729536398468471958e-01
8.260318288179091528e-01
9.781632636663288860e-01
