8.650865114688167934e-02
4.134141346559677688e-01
2.141172043879931985e-01
6.344212787877553938e-02
4.334446440950632806e-01
1.930494238731725598e-01
9.996269350935000908e-01
1.725130804845123600e-01
4.682101701955466294e-02
3.229718360381445552e-01
8.094073223854983956e-01
6.486383538251240533e-02
2.819293056416197762e-01
1.745160297862246579e-01
9.377177895768924465e-01
6.360897580795116246e-02
2.162722530898350537e-01
3.068355233309827956e-01
7.736718195781033813e-01
1.829947017514360341e-01
2.569421335825982089e-01
4.774476228806862066e-02
1.932073691962258588e-01
3.635394427200204226e-01
1.186597113805864939e-01
3.054427780175527074e-01
4.200196727252771267e-01
3.795420496297521873e-02
3.421253665737997857e-02
1.276887848823560490e-01
5.070498311488612353e-02
8.413082491393436557e-02
4.339386636165069866e-02
2.309212405428558712e-01
7.339832195593543052e-01
3.613026791730897802e-01
7.675631213713005052e-02
4.649290524472762809e-01
1.033699573851050990e-01
5.088007236028356528e-02
2.421351399221647049e-01
4.261648639888619416e-01
8.190169211780186365e-02
9.852960685755289549e-02
9.134184408862628946e-01
4.558103641565756231e-02
1.669898693342304064e-01
8.932763170359984961e-02
7.413839714090834920e-02
2.428734366449886439e-01
9.997876707349594438e-01
1.958936368142206452e-01
9.996602843448531006e-01
3.898762004478610321e-01
8.511024122707244732e-01
8.944990412319132611e-01
7.207519814914139511e-01
6.067630128558646474e-01
6.421487098443360297e-01
9.489013240908364955e-01
8.256632839603301743e-01
8.419772399834589693e-01
1.851152095220430227e-01
8.784230577236721293e-01
9.637451960229452830e-01
6.492182929560937898e-01
8.272271022186231670e-01
9.985610975757172048e-01
3.807937131403980602e-01
9.473170594881521467e-01
9.766413282171033661e-01
3.140273621747327604e-01
6.292542941510115284e-01
4.268770000075401971e-01
8.003378713098077135e-01
9.910308057653030023e-01
7.069323184518340186e-01
4.699811390466143712e-01
9.814246992645773160e-01
2.524483619948991175e-01
1.632722679556905532e-01
9.998510277406521540e-01
9.675687862036808085e-01
9.328436910637816215e-01
5.084368252562893042e-01
8.762660336683077977e-01
8.025479025047563830e-01
6.488266714155016546e-01
7.509357076786781215e-01
9.999424510588617032e-01
2.368596246336128475e-01
7.142193643533173431e-01
6.951152951424159898e-01
8.033610074573432902e-01
8.339704729449857190e-01
5.212604669018162662e-01
5.017161752096621630e-01
7.219107484165721011e-01
9.978652089064573572e-01
4.153371185713733427e-01
